286272
309155
364086
419671
490620
564199
624190
623496
613312
598416
561034
471960
398364
309926
236034
200690
160272
109872
74888
64588
52858
43200
38976
37490
36498
35909
37444
42400
44679
49634
52271
56817
61614
67392
69550
70090
67599
66800
67932
67728
66726
68257
68094
69741
75548
83328
87400
89239
91385
83494
84972
92104
92058
94760
100188
106335
109975
113984
110684
112860
112518
115290
115240
117885
122235
127604
126900
121248
113984
109213
103740
98940
98028
97388
95404
93600
99387
107944
106074
110880
112838
116032
116688
120336
123256
124558
125568
129050
130628
130872
134270
139633
141252
148011
147900
150288
152195
154665
154882
154712
147934
135420
127449
124416
118150
116622
109816
114056
115132
116875
113208
112674
107865
109039
107100
111408
111830
113742
114057
118724
121136
127880
132444
134142
137186
141226
146286
151146
152628
151200
151526
151525
148512
147974
150920
155248
160908
166803
167564
171676
170496
167461
166824
168070
158730
146940
140060
133690
127633
122850
125935
122650
122221
126490
129080
133562
137298
138945
140420
145082
147000
153720
160056
168406
175560
185110
186900
188682
185679
182178
178176
175392
166141
159249
155840
154560
149591
150835
155013
156629
156774
157440
156948
159239
160557
161040
158436
159088
157780
159900
159390
162192
165000
169477
167620
163968
159080
155502
150887
149460
148673
145237
144570
145825
146046
150350
153504
156915
161463
165330
167660
168672
167155
165500
163652
161028
157092
153745
148969
145858
142127
136887
130162
123728
118118
112868
109213
106656
105006
105113
104331
106926
110055
115068
119928
124155
128928
133162
137760
141414
143819
145180
145008
141252
138408
138225
137088
135464
135648
135488
131159
129630
124320
122202
120450
122268
122577
126768
128583
135642
142272
149860
157342
164610
172992
180072
187590
193760
197824
199563
200277
200322
199604
201845
195960
194732
192348
191160
184230
180600
172640
167424
163898
161544
158496
158884
157696
160256
160580
165060
168858
174410
178647
183534
186390
190356
191252
191997
192030
192932
192722
194742
193836
195605
195826
194205
184800
180960
173195
168777
164994
163572
160989
163800
163404
167940
170428
174825
178640
181764
185360
185704
187252
188232
190503
187891
189596
190836
190970
194138
193230
195014
196000
196745
189744
181996
174682
170172
167156
166425
163631
166385
165615
169641
170692
175280
179235
182252
183538
185588
186144
187621
186048
183872
184548
185772
184585
187680
187372
190494
192510
193200
188715
186876
181071
178343
175263
170422
167360
169167
168707
172935
175770
180942
184122
189278
195097
198600
199660
201027
202027
203700
204835
204271
191955
196520
197637
201584
203448
205216
201144
200070
194798
191544
184464
181500
177920
180642
179400
184860
188055
194271
197478
204750
209920
210789
208750
210397
210022
210035
208845
196310
194959
198912
199325
202980
204174
205668
200896
199525
193572
190022
182268
178974
174748
177126
175560
180960
184112
190575
194052
201588
206397
208257
208750
210397
210022
210035
208845
196310
194959
198912
199325
202980
204174
205668
200896
199525
193572
190022
182268
178974
174748
177126
175560
180960
184112
190575
194052
201588
206397
208257
208750
210397
210022
210035
208845
196310
194959
198912
199325
202980
204174
205668
200896
199525
193572
190022
182268
178974
174748
177126
175560
180960
184112
190575
194052
201588
206397
208257
208750
210397
210022
210035
208845
196310
194959
198912
199325
202980
204174
205668
200896
199525
193572
190022
182268
178974
174748
177126
175560
180960
184112
190575
194052
201588
206397
208257
208750
210397
210022
210035
208845
196310
194959
198912
199325
202980
204174
205668
200896
199525
193572
190022
182268
178974
174748
177126
175560
180960
184112
190575
194052
201588
206397
208257
208750
210397
210022
210035
208845
196310
194959
198912
199325
202980
204174
205668
200896
199525
193572
190022
182268
178974
174748
177126
175560
180960
184112
190575
194052
201588
206397
208257
208750
210397
210022
210035
208845
196310
194959
198912
199325
202980
204174
205668
200896
199525
193572
190022
182268
178974
174748
177126
175560
180960
184112
190575
194052
201588
206397
208257
208750
210397
210022
210035
208845
196310
194959
198912
199325
202980
204174
205668
200896
199525
193572
190022
182268
178974
174748
177126
175560
180960
184112
190575
194052
201588
206397
208257
208750
210397
210022
210035
208845
196310
194959
198912
199325
202980
204174
205668
200896
199525
193572
190022
182268
178974
174748
177126
175560
180960
184112
190575
194052
201588
206397
208257
208750
210397
210022
210035
208845
196310
194959
198912
199325
202980
204174
205668
200896
199525
193572
190022
182268
178974
174748
177126
175560
180960
184112
190575
194052
201588
206397
208257
208750
210397
210022
210035
208845
196310
194959
198912
199325
202980
204174
205668
200896
199525
193572
190022
182268
178974
174748
177126
175560
180960
184112
190575
194052
201588
206397
208257
208750
210397
210022
210035
208845
196310
194959
198912
199325
202980
204174
205668
200896
199525
193572
190022
182268
178974
174748
177126
175560
180960
184112
190575
194052
201588
206397
208257
208750
210397
210022
210035
208845
196310
194959
198912
199325
202980
204174
205668
200896
199525
193572
190022
182268
178974
174748
177126
175560
180960
184112
190575
194052
201588
206397
208257
208750
210397
210022
210035
208845
196310
194959
198912
199325
202980
204174
205668
200896
199525
193572
190022
182268
178974
174748
177126
175560
180960
184112
190575
194052
201588
206397
208257
208750
210397
210022
210035
208845
196310
194959
198912
199325
202980
204174
205668
200896
199525
193572
190022
182268
178974
174748
177126
175560
180960
184112
190575
194052
201588
206397
208257
208750
210397
210022
210035
208845
196310
194959
198912
199325
202980
204174
205668
200896
199525
193572
190022
182268
178974
174748
177126
175560
180960
184112
190575
194052
201588
206397
208257
208750
210397
210022
210035
208845
196310
194959
198912
199325
202980
204174
205668
200896
199525
193572
190022
182268
178974
174748
177126
175560
180960
184112
190575
194052
201588
206397
208257
208750
210397
210022
210035
208845
196310
194959
198912
199325
202980
204174
205668
200896
199525
193572
190022
182268
178974
174748
177126
175560
180960
184112
190575
194052
201588
206397
208257
208750
210397
210022
210035
208845
196310
194959
198912
199325
202980
204174
205668
200896
199525
193572
190022
182268
178974
174748
177126
175560
180960
184112
190575
194052
201588
206397
208257
208750
210397
210022
210035
208845
196310
194959
198912
199325
202980
204174
205668
200896
199525
193572
190022
182268
178974
174748
177126
175560
180960
184112
190575
194052
201588
206397
208257
208750
210397
210022
210035
208845
196310
194959
198912
199325
202980
204174
205668
200896
199525
193572
190022
182268
178974
174748
177126
175560
180960
184112
190575
194052
201588
206397
208257
208750
210397
210022
210035
208845
196310
194959
198912
199325
202980
204174
205668
200896
199525
193572
190022
182268
178974
174748
177126
175560
180960
184112
190575
194052
201588
206397
208257
208750
210397
210022
210035
208845
196310
194959
198912
199325
202980
204174
205668
200896
199525
193572
190022
182268
178974
174748
177126
175560
180960
184112
190575
194052
201588
206397
208257
208750
210397
210022
210035
208845
196310
194959
198912
199325
202980
204174
205668
200896
199525
193572
190022
182268
178974
174748
177126
175560
180960
184112
190575
194052
201588
206397
208257
208750
210397
210022
210035
208845
196310
194959
198912
199325
202980
204174
205668
200896
199525
193572
190022
182268
178974
174748
177126
175560
180960
184112
190575
194052
201588
206397
208257
208750
210397
210022
210035
208845
196310
194959
198912
199325
202980
204174
205668
200896
199525
193572
190022
182268
178974
174748
177126
175560
180960
184112
190575
194052
201588
206397
208257
208750
210397
210022
210035
208845
196310
194959
198912
199325
202980
204174
205668
200896
199525
193572
190022
182268
178974
174748
177126
175560
180960
184112
190575
194052
201588
206397
208257
208750
210397
210022
210035
208845
196310
194959
198912
199325
202980
204174
205668
200896
199525
193572
190022
182268
178974
174748
177126
175560
180960
184112
190575
194052
201588
206397
208257
208750
210397
210022
210035
208845
196310
194959
198912
199325
202980
204174
205668
200896
199525
193572
190022
182268
178974
174748
177126
175560
180960
184112
190575
194052
201588
206397
208257
208750
210397
210022
210035
208845
196310
194959
198912
199325
202980
204174
205668
200896
199525
193572
190022
182268
178974
174748
177126
175560
180960
184112
190575
194052
201588
206397
208257
208750
210397
210022
210035
208845
196310
194959
198912
199325
202980
204174
205668
200896
199525
193572
190022
182268
178974
174748
177126
175560
180960
184112
190575
194052
201588
206397
208257
208750
210397
210022
210035
208845
196310
194959
198912
199325
202980
204174
205668
200896
199525
193572
190022
182268
178974
174748
177126
175560
180960
184112
190575
194052
201588
206397
208257
208750
210397
210022
210035
208845
196310
194959
198912
199325
202980
204174
205668
200896
199525
193572
190022
182268
178974
174748
177126
175560
180960
184112
190575
194052
201588
206397
208257
208750
210397
210022
210035
208845
196310
194959
198912
199325
202980
204174
205668
200896
199525
193572
190022
182268
178974
174748
177126
175560
180960
184112
190575
194052
201588
206397
208257
208750
210397
210022
210035
208845
196310
194959
198912
199325
202980
204174
205668
200896
199525
193572
190022
182268
178974
174748
177126
175560
180960
184112
190575
194052
201588
206397
208257
208750
210397
210022
210035
208845
196310
194959
198912
199325
202980
204174
205668
200896
199525
193572
190022
182268
178974
174748
177126
175560
180960
184112
190575
194052
201588
206397
208257
208750
210397
210022
210035
208845
196310
194959
198912
199325
202980
204174
205668
200896
199525
193572
190022
182268
178974
174748
177126
175560
180960
184112
190575
194052
201588
206397
208257
208750
210397
210022
210035
208845
196310
194959
198912
199325
202980
204174
205668
200896
199525
193572
190022
182268
178974
174748
177126
175560
180960
184112
190575
194052
201588
206397
208257
208750
210397
210022
210035
208845
196310
194959
198912
199325
202980
204174
205668
200896
199525
193572
190022
182268
178974
174748
177126
175560
180960
184112
190575
194052
201588
206397
208257
208750
210397
210022
210035
208845
196310
194959
198912
199325
202980
204174
205668
200896
199525
193572
190022
182268
178974
174748
177126
175560
180960
184112
190575
194052
201588
206397
208257
208750
210397
210022
210035
208845
196310
194959
198912
199325
202980
204174
205668
200896
199525
193572
190022
182268
178974
174748
177126
175560
180960
184112
190575
194052
201588
206397
208257
208750
210397
210022
210035
208845
196310
194959
198912
199325
202980
204174
205668
200896
199525
193572
190022
182268
178974
174748
177126
175560
180960
184112
190575
194052
201588
206397
208257
208750
210397
210022
210035
208845
196310
194959
198912
199325
202980
204174
205668
200896
199525
193572
190022
182268
178974
174748
177126
175560
180960
184112
190575
194052
201588
206397
208257
208750
210397
210022
210035
208845
196310
194959
198912
199325
202980
204174
205668
200896
199525
193572
190022
182268
178974
174748
177126
175560
180960
184112
190575
194052
201588
206397
208257
208750
210397
210022
210035
208845
196310
194959
198912
199325
202980
204174
205668
200896
199525
193572
190022
182268
178974
174748
177126
175560
180960
184112
190575
194052
201588
206397
208257
208750
210397
210022
210035
208845
196310
194959
198912
199325
202980
204174
205668
200896
199525
193572
190022
182268
178974
174748
177126
175560
180960
184112
190575
194052
201588
206397
208257
208750
210397
210022
210035
208845
196310
194959
198912
199325
202980
204174
205668
200896
199525
193572
190022
182268
178974
174748
177126
175560
180960
184112
190575
194052
201588
206397
208257
208750
210397
210022
210035
208845
196310
194959
198912
199325
202980
204174
205668
200896
199525
193572
190022
182268
178974
174748
177126
175560
180960
184112
190575
194052
201588
206397
208257
208750
210397
210022
210035
208845
196310
194959
198912
199325
202980
204174
205668
200896
199525
193572
190022
182268
178974
174748
177126
175560
180960
184112
190575
194052
201588
206397
208257
208750
210397
210022
210035
208845
196310
194959
198912
199325
202980
204174
205668
200896
199525
193572
190022
182268
178974
174748
177126
175560
180960
184112
190575
194052
201588
206397
208257
208750
210397
210022
210035
208845
196310
194959
198912
199325
202980
204174
205668
200896
199525
193572
190022
182268
178974
174748
177126
175560
180960
184112
190575
194052
201588
206397
208257
208750
210397
210022
210035
208845
196310
194959
198912
199325
202980
204174
205668
200896
199525
193572
190022
182268
178974
174748
177126
175560
180960
184112
190575
194052
201588
206397
208257
208750
210397
210022
210035
208845
196310
194959
198912
199325
202980
204174
205668
200896
199525
193572
190022
182268
178974
174748
177126
175560
180960
184112
190575
194052
201588
206397
208257
208750
210397
210022
210035
208845
196310
194959
198912
199325
202980
204174
205668
200896
199525
193572
190022
182268
178974
174748
177126
175560
180960
184112
190575
194052
201588
206397
208257
208750
210397
210022
210035
208845
196310
194959
198912
199325
202980
204174
205668
200896
199525
193572
190022
182268
178974
174748
177126
175560
180960
184112
190575
194052
201588
206397
208257
208750
210397
210022
210035
208845
196310
194959
198912
199325
202980
204174
205668
200896
199525
193572
190022
182268
178974
174748
177126
175560
180960
184112
190575
194052
201588
206397
208257
208750
210397
210022
210035
208845
196310
194959
198912
199325
202980
204174
205668
200896
199525
193572
190022
182268
178974
174748
177126
175560
180960
184112
190575
194052
201588
206397
208257
208750
210397
210022
210035
208845
196310
194959
198912
199325
202980
204174
205668
200896
199525
193572
190022
182268
178974
174748
177126
175560
180960
184112
190575
194052
201588
206397
208257
208750
210397
210022
210035
208845
196310
194959
198912
199325
202980
204174
205668
200896
199525
193572
190022
182268
178974
174748
177126
175560
180960
184112
190575
194052
201588
206397
208257
208750
210397
210022
210035
208845
196310
194959
198912
199325
202980
204174
205668
200896
199525
193572
190022
182268
178974
174748
177126
175560
180960
184112
190575
194052
201588
206397
208257
208750
210397
210022
210035
208845
196310
194959
198912
199325
202980
204174
205668
200896
199525
193572
190022
182268
178974
174748
177126
175560
180960
184112
190575
194052
201588
206397
208257
208750
210397
210022
210035
208845
196310
194959
198912
199325
202980
204174
205668
200896
199525
193572
190022
182268
178974
174748
177126
175560
180960
184112
190575
194052
201588
206397
208257
208750
210397
210022
210035
208845
196310
194959
198912
199325
202980
204174
205668
200896
199525
193572
190022
182268
178974
174748
177126
175560
180960
184112
190575
194052
201588
206397
208257
208750
210397
210022
210035
208845
196310
194959
198912
199325
202980
204174
205668
200896
199525
193572
190022
182268
178974
174748
177126
175560
180960
184112
190575
194052
201588
206397
208257
208750
210397
210022
210035
208845
196310
194959
198912
199325
202980
204174
205668
200896
199525
193572
190022
182268
178974
174748
177126
175560
180960
184112
190575
194052
201588
206397
208257
208750
210397
210022
210035
208845
196310
194959
198912
199325
202980
204174
205668
200896
199525
193572
190022
182268
178974
174748
177126
175560
180960
184112
190575
194052
201588
206397
208257
208750
210397
210022
210035
208845
196310
194959
198912
199325
202980
204174
205668
200896
199525
193572
190022
182268
178974
174748
177126
175560
180960
184112
190575
194052
201588
206397
208257
208750
210397
210022
210035
208845
196310
194959
198912
199325
202980
204174
205668
200896
199525
193572
190022
182268
178974
174748
177126
175560
180960
184112
190575
194052
201588
206397
208257
208750
210397
210022
210035
208845
196310
194959
198912
199325
202980
204174
205668
200896
199525
193572
190022
182268
178974
174748
177126
175560
180960
184112
190575
194052
201588
206397
208257
208750
210397
210022
210035
208845
196310
194959
198912
199325
202980
204174
205668
200896
199525
193572
190022
182268
178974
174748
177126
175560
180960
184112
190575
194052
201588
206397
208257
208750
210397
210022
210035
208845
196310
194959
198912
199325
202980
204174
205668
200896
199525
193572
190022
182268
178974
174748
177126
175560
180960
184112
190575
194052
201588
206397
208257
208750
210397
210022
210035
208845
196310
194959
198912
199325
202980
204174
205668
200896
199525
193572
190022
182268
178974
174748
177126
175560
180960
184112
190575
194052
201588
206397
208257
208750
210397
210022
210035
208845
196310
194959
198912
199325
202980
204174
205668
200896
199525
193572
190022
182268
178974
174748
177126
175560
180960
184112
190575
194052
201588
206397
208257
208750
210397
210022
210035
208845
196310
194959
198912
199325
202980
204174
205668
200896
199525
193572
190022
182268
178974
174748
177126
175560
180960
184112
190575
194052
201588
206397
208257
208750
210397
210022
210035
208845
196310
194959
198912
199325
202980
204174
205668
200896
199525
193572
190022
182268
178974
174748
177126
175560
180960
184112
190575
194052
201588
206397
208257
208750
210397
210022
210035
208845
196310
194959
198912
199325
202980
204174
205668
200896
199525
193572
190022
182268
178974
174748
177126
175560
180960
184112
190575
194052
201588
206397
208257
208750
210397
210022
210035
208845
196310
194959
198912
199325
202980
204174
205668
200896
199525
193572
190022
182268
178974
174748
177126
175560
180960
184112
190575
194052
201588
206397
208257
208750
210397
210022
210035
208845
196310
194959
198912
199325
202980
204174
205668
200896
199525
193572
190022
182268
178974
174748
177126
175560
180960
184112
190575
194052
201588
206397
208257
208750
210397
210022
210035
208845
196310
194959
198912
199325
202980
204174
205668
200896
199525
193572
190022
182268
178974
174748
177126
175560
180960
184112
190575
194052
201588
206397
208257
208750
210397
210022
210035
208845
196310
194959
198912
199325
202980
204174
205668
200896
199525
193572
190022
182268
178974
174748
177126
175560
180960
184112
190575
194052
201588
206397
208257
208750
210397
210022
210035
208845
196310
194959
198912
199325
202980
204174
205668
200896
199525
193572
190022
182268
178974
174748
177126
175560
180960
184112
190575
194052
201588
206397
208257
208750
210397
210022
210035
208845
196310
194959
198912
199325
202980
204174
205668
200896
199525
193572
190022
182268
178974
174748
177126
175560
180960
184112
190575
194052
201588
206397
208257
208750
210397
210022
210035
208845
196310
194959
198912
199325
202980
204174
205668
200896
199525
193572
190022
182268
178974
174748
177126
175560
180960
184112
190575
194052
201588
206397
208257
208750
210397
210022
210035
208845
196310
194959
198912
199325
202980
204174
205668
200896
199525
193572
190022
182268
178974
174748
177126
175560
180960
184112
190575
194052
201588
206397
208257
208750
210397
210022
210035
208845
196310
194959
198912
199325
202980
204174
205668
200896
199525
193572
190022
182268
178974
174748
177126
175560
180960
184112
190575
194052
201588
206397
208257
208750
210397
210022
210035
208845
196310
194959
198912
199325
202980
204174
205668
200896
199525
193572
190022
182268
178974
174748
177126
175560
180960
184112
190575
194052
201588
206397
208257
208750
210397
210022
210035
208845
196310
194959
198912
199325
202980
204174
205668
200896
199525
193572
190022
182268
178974
174748
177126
175560
180960
184112
190575
194052
201588
206397
208257
208750
210397
210022
210035
208845
196310
194959
198912
199325
202980
204174
205668
200896
199525
193572
190022
182268
178974
174748
177126
175560
180960
184112
190575
194052
201588
206397
208257
208750
210397
210022
210035
208845
196310
194959
198912
199325
202980
204174
205668
200896
199525
193572
190022
182268
178974
174748
177126
175560
180960
184112
190575
194052
201588
206397
208257
208750
210397
210022
210035
208845
196310
194959
198912
199325
202980
204174
205668
200896
199525
193572
190022
182268
178974
174748
177126
175560
180960
184112
190575
194052
201588
206397
208257
208750
210397
210022
210035
208845
196310
194959
198912
199325
202980
204174
205668
200896
199525
193572
190022
182268
178974
174748
177126
175560
180960
184112
190575
194052
201588
206397
208257
208750
210397
210022
210035
208845
196310
194959
198912
199325
202980
204174
205668
200896
199525
193572
190022
182268
178974
174748
177126
175560
180960
184112
190575
194052
201588
206397
208257
208750
210397
210022
210035
208845
196310
194959
198912
199325
202980
204174
205668
200896
199525
193572
190022
182268
178974
174748
177126
175560
180960
184112
190575
194052
201588
206397
208257
208750
210397
210022
210035
208845
196310
194959
198912
199325
202980
204174
205668
200896
199525
193572
190022
182268
178974
174748
177126
175560
180960
184112
190575
194052
201588
206397
208257
208750
210397
210022
210035
208845
196310
194959
198912
199325
202980
204174
205668
200896
199525
193572
190022
182268
178974
174748
177126
175560
180960
184112
190575
194052
201588
206397
208257
208750
210397
210022
210035
208845
196310
194959
198912
199325
202980
204174
205668
200896
199525
193572
190022
182268
178974
174748
177126
175560
180960
184112
190575
194052
201588
206397
208257
208750
210397
210022
210035
208845
196310
194959
198912
199325
202980
204174
205668
200896
199525
193572
190022
182268
178974
174748
177126
175560
180960
184112
190575
194052
201588
206397
208257
208750
210397
210022
210035
208845
196310
194959
198912
199325
202980
204174
205668
200896
199525
193572
190022
182268
178974
174748
177126
175560
180960
184112
190575
194052
201588
206397
208257
208750
210397
210022
210035
208845
196310
194959
198912
199325
202980
204174
205668
200896
199525
193572
190022
182268
178974
174748
177126
175560
180960
184112
190575
194052
201588
206397
208257
208750
210397
210022
210035
208845
196310
194959
198912
199325
202980
204174
205668
200896
199525
193572
190022
182268
178974
174748
177126
175560
180960
184112
190575
194052
201588
206397
208257
208750
210397
210022
210035
208845
196310
194959
198912
199325
202980
204174
205668
200896
199525
193572
190022
182268
178974
174748
177126
175560
180960
184112
190575
194052
201588
206397
208257
208750
210397
210022
210035
208845
196310
194959
198912
199325
202980
204174
205668
200896
199525
193572
190022
182268
178974
174748
177126
175560
180960
184112
190575
194052
201588
206397
208257
208750
210397
210022
210035
208845
196310
194959
198912
199325
202980
204174
205668
200896
199525
193572
190022
182268
178974
174748
177126
175560
180960
184112
190575
194052
201588
206397
208257
208750
210397
210022
210035
208845
196310
194959
198912
199325
202980
204174
205668
200896
199525
193572
190022
182268
178974
174748
177126
175560
180960
184112
190575
194052
201588
206397
208257
208750
210397
210022
210035
208845
196310
194959
198912
199325
202980
204174
205668
200896
199525
193572
190022
182268
178974
174748
177126
175560
180960
184112
190575
194052
201588
206397
208257
208750
210397
210022
210035
208845
196310
194959
198912
199325
202980
204174
205668
200896
199525
193572
190022
182268
178974
174748
177126
175560
180960
184112
190575
194052
201588
206397
208257
208750
210397
210022
210035
208845
196310
194959
198912
199325
202980
204174
205668
200896
199525
193572
190022
182268
178974
174748
177126
175560
180960
184112
190575
194052
201588
206397
208257
208750
210397
210022
210035
208845
196310
194959
198912
199325
202980
204174
205668
200896
199525
193572
190022
182268
178974
174748
177126
175560
180960
184112
190575
194052
201588
206397
208257
208750
210397
210022
210035
208845
196310
194959
198912
199325
202980
204174
205668
200896
199525
193572
190022
182268
178974
174748
177126
175560
180960
184112
190575
194052
201588
206397
208257
208750
210397
210022
210035
208845
196310
194959
198912
199325
202980
204174
205668
200896
199525
193572
190022
182268
178974
174748
177126
175560
180960
184112
190575
194052
201588
206397
208257
208750
210397
210022
210035
208845
196310
194959
198912
199325
202980
204174
205668
200896
199525
193572
190022
182268
178974
174748
177126
175560
180960
184112
190575
194052
201588
206397
208257
208750
210397
210022
210035
208845
196310
194959
198912
199325
202980
204174
205668
200896
199525
193572
190022
182268
178974
174748
177126
175560
180960
184112
190575
194052
201588
206397
208257
208750
210397
210022
210035
208845
196310
194959
198912
199325
202980
204174
205668
200896
199525
193572
190022
182268
178974
174748
177126
175560
180960
184112
190575
194052
201588
206397
208257
208750
210397
210022
210035
208845
196310
194959
198912
199325
202980
204174
205668
200896
199525
193572
190022
182268
178974
174748
177126
175560
180960
184112
190575
194052
201588
206397
208257
208750
210397
210022
210035
208845
196310
194959
198912
199325
202980
204174
205668
200896
199525
193572
190022
182268
178974
174748
177126
175560
180960
184112
190575
194052
201588
206397
208257
208750
210397
210022
210035
208845
196310
194959
198912
199325
202980
204174
205668
200896
199525
193572
190022
182268
178974
174748
177126
175560
180960
184112
190575
194052
201588
206397
208257
208750
210397
210022
210035
208845
196310
194959
198912
199325
202980
204174
205668
200896
199525
193572
190022
182268
178974
174748
177126
175560
180960
184112
190575
194052
201588
206397
208257
208750
210397
210022
210035
208845
196310
194959
198912
199325
202980
204174
205668
200896
199525
193572
190022
182268
178974
174748
177126
175560
180960
184112
190575
194052
201588
206397
208257
208750
210397
210022
210035
208845
196310
194959
198912
199325
202980
204174
205668
200896
199525
193572
190022
182268
178974
174748
177126
175560
180960
184112
190575
194052
201588
206397
208257
208750
210397
210022
210035
208845
196310
194959
198912
199325
202980
204174
205668
200896
199525
193572
190022
182268
178974
174748
177126
175560
180960
184112
190575
194052
201588
206397
208257
208750
210397
210022
210035
208845
196310
194959
198912
199325
202980
204174
205668
200896
199525
193572
190022
182268
178974
174748
177126
175560
180960
184112
190575
194052
201588
206397
208257
208750
210397
210022
210035
208845
196310
194959
198912
199325
202980
204174
205668
200896
199525
193572
190022
182268
178974
174748
177126
175560
180960
184112
190575
194052
201588
206397
208257
208750
210397
210022
210035
208845
196310
194959
198912
199325
202980
204174
205668
200896
199525
193572
190022
182268
178974
174748
177126
175560
180960
184112
190575
194052
201588
206397
208257
208750
210397
210022
210035
208845
196310
194959
198912
199325
202980
204174
205668
200896
199525
193572
190022
182268
178974
174748
177126
175560
180960
184112
190575
194052
201588
206397
208257
208750
210397
210022
210035
208845
196310
194959
198912
199325
202980
204174
205668
200896
199525
193572
190022
182268
178974
174748
177126
175560
180960
184112
190575
194052
201588
206397
208257
208750
210397
210022
210035
208845
196310
194959
198912
199325
202980
204174
205668
200896
199525
193572
190022
182268
178974
174748
177126
175560
180960
184112
190575
194052
201588
206397
208257
208750
210397
210022
210035
208845
196310
194959
198912
199325
202980
204174
205668
200896
199525
193572
190022
182268
178974
174748
177126
175560
180960
184112
190575
194052
201588
206397
208257
208750
210397
210022
210035
208845
196310
194959
198912
199325
202980
204174
205668
200896
199525
193572
190022
182268
178974
174748
177126
175560
180960
184112
190575
194052
201588
206397
208257
208750
210397
210022
210035
208845
196310
194959
198912
199325
202980
204174
205668
200896
199525
193572
190022
182268
178974
174748
177126
175560
180960
184112
190575
194052
201588
206397
208257
208750
210397
210022
210035
208845
196310
194959
198912
199325
202980
204174
205668
200896
199525
193572
190022
182268
178974
174748
177126
175560
180960
184112
190575
194052
201588
206397
208257
208750
210397
210022
210035
208845
196310
194959
198912
199325
202980
204174
205668
200896
199525
193572
190022
182268
178974
174748
177126
175560
180960
184112
190575
194052
201588
206397
208257
208750
210397
210022
210035
208845
196310
194959
198912
199325
202980
204174
205668
200896
199525
193572
190022
182268
178974
174748
177126
175560
180960
184112
190575
194052
201588
206397
208257
208750
210397
210022
210035
208845
196310
194959
198912
199325
202980
204174
205668
200896
199525
193572
190022
182268
178974
174748
177126
175560
180960
184112
190575
194052
201588
206397
208257
208750
210397
210022
210035
208845
196310
194959
198912
199325
202980
204174
205668
200896
199525
193572
190022
182268
178974
174748
177126
175560
180960
184112
190575
194052
201588
206397
208257
208750
210397
210022
210035
208845
196310
194959
198912
199325
202980
204174
205668
200896
199525
193572
190022
182268
178974
174748
177126
175560
180960
184112
190575
194052
201588
206397
208257
208750
210397
210022
210035
208845
196310
194959
198912
199325
202980
204174
205668
200896
199525
193572
190022
182268
178974
174748
177126
175560
180960
184112
190575
194052
201588
206397
208257
208750
210397
210022
210035
208845
196310
194959
198912
199325
202980
204174
205668
200896
199525
193572
190022
182268
178974
174748
177126
175560
180960
184112
190575
194052
201588
206397
208257
208750
210397
210022
210035
208845
196310
194959
198912
199325
202980
204174
205668
200896
199525
193572
190022
182268
178974
174748
177126
175560
180960
184112
190575
194052
201588
206397
208257
208750
210397
210022
210035
208845
196310
194959
198912
199325
202980
204174
205668
200896
199525
193572
190022
182268
178974
174748
177126
175560
180960
184112
190575
194052
201588
206397
208257
208750
210397
210022
210035
208845
196310
194959
198912
199325
202980
204174
205668
200896
199525
193572
190022
182268
178974
174748
177126
175560
180960
184112
190575
194052
201588
206397
208257
208750
210397
210022
210035
208845
196310
194959
198912
199325
202980
204174
205668
200896
199525
193572
190022
182268
178974
174748
177126
175560
180960
184112
190575
194052
201588
206397
208257
208750
210397
210022
210035
208845
196310
194959
198912
199325
202980
204174
205668
200896
199525
193572
190022
182268
178974
174748
177126
175560
180960
184112
190575
194052
201588
206397
208257
208750
210397
210022
210035
208845
196310
194959
198912
199325
202980
204174
205668
200896
199525
193572
190022
182268
178974
174748
177126
175560
180960
184112
190575
194052
201588
206397
208257
208750
210397
210022
210035
208845
196310
194959
198912
199325
202980
204174
205668
200896
199525
193572
190022
182268
178974
174748
177126
175560
180960
184112
190575
194052
201588
206397
208257
208750
210397
210022
210035
208845
196310
194959
198912
199325
202980
204174
205668
200896
199525
193572
190022
182268
178974
174748
177126
175560
180960
184112
190575
194052
201588
206397
208257
208750
210397
210022
210035
208845
196310
194959
198912
199325
202980
204174
205668
200896
199525
193572
190022
182268
178974
174748
177126
175560
180960
184112
190575
194052
201588
206397
208257
208750
210397
210022
210035
208845
196310
194959
198912
199325
202980
204174
205668
200896
199525
193572
190022
182268
178974
174748
177126
175560
180960
184112
190575
194052
201588
206397
208257
208750
210397
210022
210035
208845
196310
194959
198912
199325
202980
204174
205668
200896
199525
193572
190022
182268
178974
174748
177126
175560
180960
184112
190575
194052
201588
206397
208257
208750
210397
210022
210035
208845
196310
194959
198912
199325
202980
204174
205668
200896
199525
193572
190022
182268
178974
174748
177126
175560
180960
184112
190575
194052
201588
206397
208257
208750
210397
210022
210035
208845
196310
194959
198912
199325
202980
204174
205668
200896
199525
193572
190022
182268
178974
174748
177126
175560
180960
184112
190575
194052
201588
206397
208257
208750
210397
210022
210035
208845
196310
194959
198912
199325
202980
204174
205668
200896
199525
193572
190022
182268
178974
174748
177126
175560
180960
184112
190575
194052
201588
206397
208257
208750
210397
210022
210035
208845
196310
194959
198912
199325
202980
204174
205668
200896
199525
193572
190022
182268
178974
174748
177126
175560
180960
184112
190575
194052
201588
206397
208257
208750
210397
210022
210035
208845
196310
194959
198912
199325
202980
204174
205668
200896
199525
193572
190022
182268
178974
174748
177126
175560
180960
184112
190575
194052
201588
206397
208257
208750
210397
210022
210035
208845
196310
194959
198912
199325
202980
204174
205668
200896
199525
193572
190022
182268
178974
174748
177126
175560
180960
184112
190575
194052
201588
206397
208257
208750
210397
210022
210035
208845
196310
194959
198912
199325
202980
204174
205668
200896
199525
193572
190022
182268
178974
174748
177126
175560
180960
184112
190575
194052
201588
206397
208257
208750
210397
210022
210035
208845
196310
194959
198912
199325
202980
204174
205668
200896
199525
193572
190022
182268
178974
174748
177126
175560
180960
184112
190575
194052
201588
206397
208257
208750
210397
210022
210035
208845
196310
194959
198912
199325
202980
204174
205668
200896
199525
193572
190022
182268
178974
174748
177126
175560
180960
184112
190575
194052
201588
206397
208257
208750
210397
210022
210035
208845
196310
194959
198912
199325
202980
204174
205668
200896
199525
193572
190022
182268
178974
174748
177126
175560
180960
184112
190575
194052
201588
206397
208257
208750
210397
210022
210035
208845
196310
194959
198912
199325
202980
204174
205668
200896
199525
193572
190022
182268
178974
174748
177126
175560
180960
184112
190575
194052
201588
206397
208257
208750
210397
210022
210035
208845
196310
194959
198912
199325
202980
204174
205668
200896
199525
193572
190022
182268
178974
174748
177126
175560
180960
184112
190575
194052
201588
206397
208257
208750
210397
210022
210035
208845
196310
194959
198912
199325
202980
204174
205668
200896
199525
193572
190022
182268
178974
174748
177126
175560
180960
184112
190575
194052
201588
206397
208257
208750
210397
210022
210035
208845
196310
194959
198912
199325
202980
204174
205668
200896
199525
193572
190022
182268
178974
174748
177126
175560
180960
184112
190575
194052
201588
206397
208257
208750
210397
210022
210035
208845
196310
194959
198912
199325
202980
204174
205668
200896
199525
193572
190022
182268
178974
174748
177126
175560
180960
184112
190575
194052
201588
206397
208257
208750
210397
210022
210035
208845
196310
194959
198912
199325
202980
204174
205668
200896
199525
193572
190022
182268
178974
174748
177126
175560
180960
184112
190575
194052
201588
206397
208257
208750
210397
210022
210035
208845
196310
194959
198912
199325
202980
204174
205668
200896
199525
193572
190022
182268
178974
174748
177126
175560
180960
184112
190575
194052
201588
206397
208257
208750
210397
210022
210035
208845
196310
194959
198912
199325
202980
204174
205668
200896
199525
193572
190022
182268
178974
174748
177126
175560
180960
184112
190575
194052
201588
206397
208257
208750
210397
210022
210035
208845
196310
194959
198912
199325
202980
204174
205668
200896
199525
193572
190022
182268
178974
174748
177126
175560
180960
184112
190575
194052
201588
206397
208257
208750
210397
210022
210035
208845
196310
194959
198912
199325
202980
204174
205668
200896
199525
193572
190022
182268
178974
174748
177126
175560
180960
184112
190575
194052
201588
206397
208257
208750
210397
210022
210035
208845
196310
194959
198912
199325
202980
204174
205668
200896
199525
193572
190022
182268
178974
174748
177126
175560
180960
184112
190575
194052
201588
206397
208257
208750
210397
210022
210035
208845
196310
194959
198912
199325
202980
204174
205668
200896
199525
193572
190022
182268
178974
174748
177126
175560
180960
184112
190575
194052
201588
206397
208257
208750
210397
210022
210035
208845
196310
194959
198912
199325
202980
204174
205668
200896
199525
193572
190022
182268
178974
174748
177126
175560
180960
184112
190575
194052
201588
206397
208257
208750
210397
210022
210035
208845
196310
194959
198912
199325
202980
204174
205668
200896
199525
193572
190022
182268
178974
174748
177126
175560
180960
184112
190575
194052
201588
206397
208257
208750
210397
210022
210035
208845
196310
194959
198912
199325
202980
204174
205668
200896
199525
193572
190022
182268
178974
174748
177126
175560
180960
184112
190575
194052
201588
206397
208257
208750
210397
210022
210035
208845
196310
194959
198912
199325
202980
204174
205668
200896
199525
193572
190022
182268
178974
174748
177126
175560
180960
184112
190575
194052
201588
206397
208257
208750
210397
210022
210035
208845
196310
194959
198912
199325
202980
204174
205668
200896
199525
193572
190022
182268
178974
174748
177126
175560
180960
184112
190575
194052
201588
206397
208257
208750
210397
210022
210035
208845
196310
194959
198912
199325
202980
204174
205668
200896
199525
193572
190022
182268
178974
174748
177126
175560
180960
184112
190575
194052
201588
206397
208257
208750
210397
210022
210035
208845
196310
194959
198912
199325
202980
204174
205668
200896
199525
193572
190022
182268
178974
174748
177126
175560
180960
184112
190575
194052
201588
206397
208257
208750
210397
210022
210035
208845
196310
194959
198912
199325
202980
204174
205668
200896
199525
193572
190022
182268
178974
174748
177126
175560
180960
184112
190575
194052
201588
206397
208257
208750
210397
210022
210035
208845
196310
194959
198912
199325
202980
204174
205668
200896
199525
193572
190022
182268
178974
174748
177126
175560
180960
184112
190575
194052
201588
206397
208257
208750
210397
210022
210035
208845
196310
194959
198912
199325
202980
204174
205668
200896
199525
193572
190022
182268
178974
174748
177126
175560
180960
184112
190575
194052
201588
206397
208257
208750
210397
210022
210035
208845
196310
194959
198912
199325
202980
204174
205668
200896
199525
193572
190022
182268
178974
174748
177126
175560
180960
184112
190575
194052
201588
206397
208257
208750
210397
210022
210035
208845
196310
194959
198912
199325
202980
204174
205668
200896
199525
193572
190022
182268
178974
174748
177126
175560
180960
184112
190575
194052
201588
206397
208257
208750
210397
210022
210035
208845
196310
194959
198912
199325
202980
204174
205668
200896
199525
193572
190022
182268
178974
174748
177126
175560
180960
184112
190575
194052
201588
206397
208257
208750
210397
210022
210035
208845
196310
194959
198912
199325
202980
204174
205668
200896
199525
193572
190022
182268
178974
174748
177126
175560
180960
184112
190575
194052
201588
206397
208257
208750
210397
210022
210035
208845
196310
194959
198912
199325
202980
204174
205668
200896
199525
193572
190022
182268
178974
174748
177126
175560
180960
184112
190575
194052
201588
206397
208257
208750
210397
210022
210035
208845
196310
194959
198912
199325
202980
204174
205668
200896
199525
193572
190022
182268
178974
174748
177126
175560
180960
184112
190575
194052
201588
206397
208257
208750
210397
210022
210035
208845
196310
194959
198912
199325
202980
204174
205668
200896
199525
193572
190022
182268
178974
174748
177126
175560
180960
184112
190575
194052
201588
206397
208257
208750
210397
210022
210035
208845
196310
194959
198912
199325
202980
204174
205668
200896
199525
193572
190022
182268
178974
174748
177126
175560
180960
184112
190575
194052
201588
206397
208257
208750
210397
210022
210035
208845
196310
194959
198912
199325
202980
204174
205668
200896
199525
193572
190022
182268
178974
174748
177126
175560
180960
184112
190575
194052
201588
206397
208257
208750
210397
210022
210035
208845
196310
194959
198912
199325
202980
204174
205668
200896
199525
193572
190022
182268
178974
174748
177126
175560
180960
184112
190575
194052
201588
206397
208257
208750
210397
210022
210035
208845
196310
194959
198912
199325
202980
204174
205668
200896
199525
193572
190022
182268
178974
174748
177126
175560
180960
184112
190575
194052
201588
206397
208257
208750
210397
210022
210035
208845
196310
194959
198912
199325
202980
204174
205668
200896
199525
193572
190022
182268
178974
174748
177126
175560
180960
184112
190575
194052
201588
206397
208257
208750
210397
210022
210035
208845
196310
194959
198912
199325
202980
204174
205668
200896
199525
193572
190022
182268
178974
174748
177126
175560
180960
184112
190575
194052
201588
206397
208257
208750
210397
210022
210035
208845
196310
194959
198912
199325
202980
204174
205668
200896
199525
193572
190022
182268
178974
174748
177126
175560
180960
184112
190575
194052
201588
206397
208257
208750
210397
210022
210035
208845
196310
194959
198912
199325
202980
204174
205668
200896
199525
193572
190022
182268
178974
174748
177126
175560
180960
184112
190575
194052
201588
206397
208257
208750
210397
210022
210035
208845
196310
194959
198912
199325
202980
204174
205668
200896
199525
193572
190022
182268
178974
174748
177126
175560
180960
184112
190575
194052
201588
206397
208257
208750
210397
210022
210035
208845
196310
194959
198912
199325
202980
204174
205668
200896
199525
193572
190022
182268
178974
174748
177126
175560
180960
184112
190575
194052
201588
206397
208257
208750
210397
210022
210035
208845
196310
194959
198912
199325
202980
204174
205668
200896
199525
193572
190022
182268
178974
174748
177126
175560
180960
184112
190575
194052
201588
206397
208257
208750
210397
210022
210035
208845
196310
194959
198912
199325
202980
204174
205668
200896
199525
193572
190022
182268
178974
174748
177126
175560
180960
184112
190575
194052
201588
206397
208257
208750
210397
210022
210035
208845
196310
194959
198912
199325
202980
204174
205668
200896
199525
193572
190022
182268
178974
174748
177126
175560
180960
184112
190575
194052
201588
206397
208257
208750
210397
210022
210035
208845
196310
194959
198912
199325
202980
204174
205668
200896
199525
193572
190022
182268
178974
174748
177126
175560
180960
184112
190575
194052
201588
206397
208257
208750
210397
210022
210035
208845
196310
194959
198912
199325
202980
204174
205668
200896
199525
193572
190022
182268
178974
174748
177126
175560
180960
184112
190575
194052
201588
206397
208257
208750
210397
210022
210035
208845
196310
194959
198912
199325
202980
204174
205668
200896
199525
193572
190022
182268
178974
174748
177126
175560
180960
184112
190575
194052
201588
206397
208257
208750
210397
210022
210035
208845
196310
194959
198912
199325
202980
204174
205668
200896
199525
193572
190022
182268
178974
174748
177126
175560
180960
184112
190575
194052
201588
206397
208257
208750
210397
210022
210035
208845
196310
194959
198912
199325
202980
204174
205668
200896
199525
193572
190022
182268
178974
174748
177126
175560
180960
184112
190575
194052
201588
206397
208257
208750
210397
210022
210035
208845
196310
194959
198912
199325
202980
204174
205668
200896
199525
193572
190022
182268
178974
174748
177126
175560
180960
184112
190575
194052
201588
206397
208257
208750
210397
210022
210035
208845
196310
194959
198912
199325
202980
204174
205668
200896
199525
193572
190022
182268
178974
174748
177126
175560
180960
184112
190575
194052
201588
206397
208257
208750
210397
210022
210035
208845
196310
194959
198912
199325
202980
204174
205668
200896
199525
193572
190022
182268
178974
174748
177126
175560
180960
184112
190575
194052
201588
206397
208257
208750
210397
210022
210035
208845
196310
194959
198912
199325
202980
204174
205668
200896
199525
193572
190022
182268
178974
174748
177126
175560
180960
184112
190575
194052
201588
206397
208257
208750
210397
210022
210035
208845
196310
194959
198912
199325
202980
204174
205668
200896
199525
193572
190022
182268
178974
174748
177126
175560
180960
184112
190575
194052
201588
206397
208257
208750
210397
210022
210035
208845
196310
194959
198912
199325
202980
204174
205668
200896
199525
193572
190022
182268
178974
174748
177126
175560
180960
184112
190575
194052
201588
206397
208257
208750
210397
210022
210035
208845
196310
194959
198912
199325
202980
204174
205668
200896
199525
193572
190022
182268
178974
174748
177126
175560
180960
184112
190575
194052
201588
206397
208257
208750
210397
210022
210035
208845
196310
194959
198912
199325
202980
204174
205668
200896
199525
193572
190022
182268
178974
174748
177126
175560
180960
184112
190575
194052
201588
206397
208257
208750
210397
210022
210035
208845
196310
194959
198912
199325
202980
204174
205668
200896
199525
193572
190022
182268
178974
174748
177126
175560
180960
184112
190575
194052
201588
206397
208257
208750
210397
210022
210035
208845
196310
194959
198912
199325
202980
204174
205668
200896
199525
193572
190022
182268
178974
174748
177126
175560
180960
184112
190575
194052
201588
206397
208257
208750
210397
210022
210035
208845
196310
194959
198912
199325
202980
204174
205668
200896
199525
193572
190022
182268
178974
174748
177126
175560
180960
184112
190575
194052
201588
206397
208257
208750
210397
210022
210035
208845
196310
194959
198912
199325
202980
204174
205668
200896
199525
193572
190022
182268
178974
174748
177126
175560
180960
184112
190575
194052
201588
206397
208257
208750
210397
210022
210035
208845
196310
194959
198912
199325
202980
204174
205668
200896
199525
193572
190022
182268
178974
174748
177126
175560
180960
184112
190575
194052
201588
206397
208257
208750
210397
210022
210035
208845
196310
194959
198912
199325
202980
204174
205668
200896
199525
193572
190022
182268
178974
174748
177126
175560
180960
184112
190575
194052
201588
206397
208257
208750
210397
210022
210035
208845
196310
194959
198912
199325
202980
204174
205668
200896
199525
193572
190022
182268
178974
174748
177126
175560
180960
184112
190575
194052
201588
206397
208257
208750
210397
210022
210035
208845
196310
194959
198912
199325
202980
204174
205668
200896
199525
193572
190022
182268
178974
174748
177126
175560
180960
184112
190575
194052
201588
206397
208257
208750
210397
210022
210035
208845
196310
194959
198912
199325
202980
204174
205668
200896
199525
193572
190022
182268
178974
174748
177126
175560
180960
184112
190575
194052
201588
206397
208257
208750
210397
210022
210035
208845
196310
194959
198912
199325
202980
204174
205668
200896
199525
193572
190022
182268
178974
174748
177126
175560
180960
184112
190575
194052
201588
206397
208257
208750
210397
210022
210035
208845
196310
194959
198912
199325
202980
204174
205668
200896
199525
193572
190022
182268
178974
174748
177126
175560
180960
184112
190575
194052
201588
206397
208257
208750
210397
210022
210035
208845
196310
194959
198912
199325
202980
204174
205668
200896
199525
193572
190022
182268
178974
174748
177126
175560
180960
184112
190575
194052
201588
206397
208257
208750
210397
210022
210035
208845
196310
194959
198912
199325
202980
204174
205668
200896
199525
193572
190022
182268
178974
174748
177126
175560
180960
184112
190575
194052
201588
206397
208257
208750
210397
210022
210035
208845
196310
194959
198912
199325
202980
204174
205668
200896
199525
193572
190022
182268
178974
174748
177126
175560
180960
184112
190575
194052
201588
206397
208257
208750
210397
210022
210035
208845
196310
194959
198912
199325
202980
204174
205668
200896
199525
193572
190022
182268
178974
174748
177126
175560
180960
184112
190575
194052
201588
206397
208257
208750
210397
210022
210035
208845
196310
194959
198912
199325
202980
204174
205668
200896
199525
193572
190022
182268
178974
174748
177126
175560
180960
184112
190575
194052
201588
206397
208257
208750
210397
210022
210035
208845
196310
194959
198912
199325
202980
204174
205668
200896
199525
193572
190022
182268
178974
174748
177126
175560
180960
184112
190575
194052
201588
206397
208257
208750
210397
210022
210035
208845
196310
194959
198912
199325
202980
204174
205668
200896
199525
193572
190022
182268
178974
174748
177126
175560
180960
184112
190575
194052
201588
206397
208257
208750
210397
210022
210035
208845
196310
194959
198912
199325
202980
204174
205668
200896
199525
193572
190022
182268
178974
174748
177126
175560
180960
184112
190575
194052
201588
206397
208257
208750
210397
210022
210035
208845
196310
194959
198912
199325
202980
204174
205668
200896
199525
193572
190022
182268
178974
174748
177126
175560
180960
184112
190575
194052
201588
206397
208257
208750
210397
210022
210035
208845
196310
194959
198912
199325
202980
204174
205668
200896
199525
193572
190022
182268
178974
174748
177126
175560
180960
184112
190575
194052
201588
206397
208257
208750
210397
210022
210035
208845
196310
194959
198912
199325
202980
204174
205668
200896
199525
193572
190022
182268
178974
174748
177126
175560
180960
184112
190575
194052
201588
206397
208257
208750
210397
210022
210035
208845
196310
194959
198912
199325
202980
204174
205668
200896
199525
193572
190022
182268
178974
174748
177126
175560
180960
184112
190575
194052
201588
206397
208257
208750
210397
210022
210035
208845
196310
194959
198912
199325
202980
204174
205668
200896
199525
193572
190022
182268
178974
174748
177126
175560
180960
184112
190575
194052
201588
206397
208257
208750
210397
210022
210035
208845
196310
194959
198912
199325
202980
204174
205668
200896
199525
193572
190022
182268
178974
174748
177126
175560
180960
184112
190575
194052
201588
206397
208257
208750
210397
210022
210035
208845
196310
194959
198912
199325
202980
204174
205668
200896
199525
193572
190022
182268
178974
174748
177126
175560
180960
184112
190575
194052
201588
206397
208257
208750
210397
210022
210035
208845
196310
194959
198912
199325
202980
204174
205668
200896
199525
193572
190022
182268
178974
174748
177126
175560
180960
184112
190575
194052
201588
206397
208257
208750
210397
210022
210035
208845
196310
194959
198912
199325
202980
204174
205668
200896
199525
193572
190022
182268
178974
174748
177126
175560
180960
184112
190575
194052
201588
206397
208257
208750
210397
210022
210035
208845
196310
194959
198912
199325
202980
204174
205668
200896
199525
193572
190022
182268
178974
174748
177126
175560
180960
184112
190575
194052
201588
206397
208257
208750
210397
210022
210035
208845
196310
194959
198912
199325
202980
204174
205668
200896
199525
193572
190022
182268
178974
174748
177126
175560
180960
184112
190575
194052
201588
206397
208257
208750
210397
210022
210035
208845
196310
194959
198912
199325
202980
204174
205668
200896
199525
193572
190022
182268
178974
174748
177126
175560
180960
184112
190575
194052
201588
206397
208257
208750
210397
210022
210035
208845
196310
194959
198912
199325
202980
204174
205668
200896
199525
193572
190022
182268
178974
174748
177126
175560
180960
184112
190575
194052
201588
206397
208257
208750
210397
210022
210035
208845
196310
194959
198912
199325
202980
204174
205668
200896
199525
193572
190022
182268
178974
174748
177126
175560
180960
184112
190575
194052
201588
206397
208257
208750
210397
210022
210035
208845
196310
194959
198912
199325
202980
204174
205668
200896
199525
193572
190022
182268
178974
174748
177126
175560
180960
184112
190575
194052
201588
206397
208257
208750
210397
210022
210035
208845
196310
194959
198912
199325
202980
204174
205668
200896
199525
193572
190022
182268
178974
174748
177126
175560
180960
184112
190575
194052
201588
206397
208257
208750
210397
210022
210035
208845
196310
194959
198912
199325
202980
204174
205668
200896
199525
193572
190022
182268
178974
174748
177126
175560
180960
184112
190575
194052
201588
206397
208257
208750
210397
210022
210035
208845
196310
194959
198912
199325
202980
204174
205668
200896
199525
193572
190022
182268
178974
174748
177126
175560
180960
184112
190575
194052
201588
206397
208257
208750
210397
210022
210035
208845
196310
194959
198912
199325
202980
204174
205668
200896
199525
193572
190022
182268
178974
174748
177126
175560
180960
184112
190575
194052
201588
206397
208257
208750
210397
210022
210035
208845
196310
194959
198912
199325
202980
204174
205668
200896
199525
193572
190022
182268
178974
174748
177126
175560
180960
184112
190575
194052
201588
206397
208257
208750
210397
210022
210035
208845
196310
194959
198912
199325
202980
204174
205668
200896
199525
193572
190022
182268
178974
174748
177126
175560
180960
184112
190575
194052
201588
206397
208257
208750
210397
210022
210035
208845
196310
194959
198912
199325
202980
204174
205668
200896
199525
193572
190022
182268
178974
174748
177126
175560
180960
184112
190575
194052
201588
206397
208257
208750
210397
210022
210035
208845
196310
194959
198912
199325
202980
204174
205668
200896
199525
193572
190022
182268
178974
174748
177126
175560
180960
184112
190575
194052
201588
206397
208257
208750
210397
210022
210035
208845
196310
194959
198912
199325
202980
204174
205668
200896
199525
193572
190022
182268
178974
174748
177126
175560
180960
184112
190575
194052
201588
206397
208257
208750
210397
210022
210035
208845
196310
194959
198912
199325
202980
204174
205668
200896
199525
193572
190022
182268
178974
174748
177126
175560
180960
184112
190575
194052
201588
206397
208257
208750
210397
210022
210035
208845
196310
194959
198912
199325
202980
204174
205668
200896
199525
193572
190022
182268
178974
174748
177126
175560
180960
184112
190575
194052
201588
206397
208257
208750
210397
210022
210035
208845
196310
194959
198912
199325
202980
204174
205668
200896
199525
193572
190022
182268
178974
174748
177126
175560
180960
184112
190575
194052
201588
206397
208257
208750
210397
210022
210035
208845
196310
194959
198912
199325
202980
204174
205668
200896
199525
193572
190022
182268
178974
174748
177126
175560
180960
184112
190575
194052
201588
206397
208257
208750
210397
210022
210035
208845
196310
194959
198912
199325
202980
204174
205668
200896
199525
193572
190022
182268
178974
174748
177126
175560
180960
184112
190575
194052
201588
206397
208257
208750
210397
210022
210035
208845
196310
194959
198912
199325
202980
204174
205668
200896
199525
193572
190022
182268
178974
174748
177126
175560
180960
184112
190575
194052
201588
206397
208257
208750
210397
210022
210035
208845
196310
194959
198912
199325
202980
204174
205668
200896
199525
193572
190022
182268
178974
174748
177126
175560
180960
184112
190575
194052
201588
206397
208257
208750
210397
210022
210035
208845
196310
194959
198912
199325
202980
204174
205668
200896
199525
193572
190022
182268
178974
174748
177126
175560
180960
184112
190575
194052
201588
206397
208257
208750
210397
210022
210035
208845
196310
194959
198912
199325
202980
204174
205668
200896
199525
193572
190022
182268
178974
174748
177126
175560
180960
184112
190575
194052
201588
206397
208257
208750
210397
210022
210035
208845
196310
194959
198912
199325
202980
204174
205668
200896
199525
193572
190022
182268
178974
174748
177126
175560
180960
184112
190575
194052
201588
206397
208257
208750
210397
210022
210035
208845
196310
194959
198912
199325
202980
204174
205668
200896
199525
193572
190022
182268
178974
174748
177126
175560
180960
184112
190575
194052
201588
206397
208257
208750
210397
210022
210035
208845
196310
194959
198912
199325
202980
204174
205668
200896
199525
193572
190022
182268
178974
174748
177126
175560
180960
184112
190575
194052
201588
206397
208257
208750
210397
210022
210035
208845
196310
194959
198912
199325
202980
204174
205668
200896
199525
193572
190022
182268
178974
174748
177126
175560
180960
184112
190575
194052
201588
206397
208257
208750
210397
210022
210035
208845
196310
194959
198912
199325
202980
204174
205668
200896
199525
193572
190022
182268
178974
174748
177126
175560
180960
184112
190575
194052
201588
206397
208257
208750
210397
210022
210035
208845
196310
194959
198912
199325
202980
204174
205668
200896
199525
193572
190022
182268
178974
174748
177126
175560
180960
184112
190575
194052
201588
206397
208257
208750
210397
210022
210035
208845
196310
194959
198912
199325
202980
204174
205668
200896
199525
193572
190022
182268
178974
174748
177126
175560
180960
184112
190575
194052
201588
206397
208257
208750
210397
210022
210035
208845
196310
194959
198912
199325
202980
204174
205668
200896
199525
193572
190022
182268
178974
174748
177126
175560
180960
184112
190575
194052
201588
206397
208257
208750
210397
210022
210035
208845
196310
194959
198912
199325
202980
204174
205668
200896
199525
193572
190022
182268
178974
174748
177126
175560
180960
184112
190575
194052
201588
206397
208257
208750
210397
210022
210035
208845
196310
194959
198912
199325
202980
204174
205668
200896
199525
193572
190022
182268
178974
174748
177126
175560
180960
184112
190575
194052
201588
206397
208257
208750
210397
210022
210035
208845
196310
194959
198912
199325
202980
204174
205668
200896
199525
193572
190022
182268
178974
174748
177126
175560
180960
184112
190575
194052
201588
206397
208257
208750
210397
210022
210035
208845
196310
194959
198912
199325
202980
204174
205668
200896
199525
193572
190022
182268
178974
174748
177126
175560
180960
184112
190575
194052
201588
206397
208257
208750
210397
210022
210035
208845
196310
194959
198912
199325
202980
204174
205668
200896
199525
193572
190022
182268
178974
174748
177126
175560
180960
184112
190575
194052
201588
206397
208257
208750
210397
210022
210035
208845
196310
194959
198912
199325
202980
204174
205668
200896
199525
193572
190022
182268
178974
174748
177126
175560
180960
184112
190575
194052
201588
206397
208257
208750
210397
210022
210035
208845
196310
194959
198912
199325
202980
204174
205668
200896
199525
193572
190022
182268
178974
174748
177126
175560
180960
184112
190575
194052
201588
206397
208257
208750
210397
210022
210035
208845
196310
194959
198912
199325
202980
204174
205668
200896
199525
193572
190022
182268
178974
174748
177126
175560
180960
184112
190575
194052
201588
206397
208257
208750
210397
210022
210035
208845
196310
194959
198912
199325
202980
204174
205668
200896
199525
193572
190022
182268
178974
174748
177126
175560
180960
184112
190575
194052
201588
206397
208257
208750
210397
210022
210035
208845
196310
194959
198912
199325
202980
204174
205668
200896
199525
193572
190022
182268
178974
174748
177126
175560
180960
184112
190575
194052
201588
206397
208257
208750
210397
210022
210035
208845
196310
194959
198912
199325
202980
204174
205668
200896
199525
193572
190022
182268
178974
174748
177126
175560
180960
184112
190575
194052
201588
206397
208257
208750
210397
210022
210035
208845
196310
194959
198912
199325
202980
204174
205668
200896
199525
193572
190022
182268
178974
174748
177126
175560
180960
184112
190575
194052
201588
206397
208257
208750
210397
210022
210035
208845
196310
194959
198912
199325
202980
204174
205668
200896
199525
193572
190022
182268
178974
174748
177126
175560
180960
184112
190575
194052
201588
206397
208257
208750
210397
210022
210035
208845
196310
194959
198912
199325
202980
204174
205668
200896
199525
193572
190022
182268
178974
174748
177126
175560
180960
184112
190575
194052
201588
206397
208257
208750
210397
210022
210035
208845
196310
194959
198912
199325
202980
204174
205668
200896
199525
193572
190022
182268
178974
174748
177126
175560
180960
184112
190575
194052
201588
206397
208257
208750
210397
210022
210035
208845
196310
194959
198912
199325
202980
204174
205668
200896
199525
193572
190022
182268
178974
174748
177126
175560
180960
184112
190575
194052
201588
206397
208257
208750
210397
210022
210035
208845
196310
194959
198912
199325
202980
204174
205668
200896
199525
193572
190022
182268
178974
174748
177126
175560
180960
184112
190575
194052
201588
206397
208257
208750
210397
210022
210035
208845
196310
194959
198912
199325
202980
204174
205668
200896
199525
193572
190022
182268
178974
174748
177126
175560
180960
184112
190575
194052
201588
206397
208257
208750
210397
210022
210035
208845
196310
194959
198912
199325
202980
204174
205668
200896
199525
193572
190022
182268
178974
174748
177126
175560
180960
184112
190575
194052
201588
206397
208257
208750
210397
210022
210035
208845
196310
194959
198912
199325
202980
204174
205668
200896
199525
193572
190022
182268
178974
174748
177126
175560
180960
184112
190575
194052
201588
206397
208257
208750
210397
210022
210035
208845
196310
194959
198912
199325
202980
204174
205668
200896
199525
193572
190022
182268
178974
174748
177126
175560
180960
184112
190575
194052
201588
206397
208257
208750
210397
210022
210035
208845
196310
194959
198912
199325
202980
204174
205668
200896
199525
193572
190022
182268
178974
174748
177126
175560
180960
184112
190575
194052
201588
206397
208257
208750
210397
210022
210035
208845
196310
194959
198912
199325
202980
204174
205668
200896
199525
193572
190022
182268
178974
174748
177126
175560
180960
184112
190575
194052
201588
206397
208257
208750
210397
210022
210035
208845
196310
194959
198912
199325
202980
204174
205668
200896
199525
193572
190022
182268
178974
174748
177126
175560
180960
184112
190575
194052
201588
206397
208257
208750
210397
210022
210035
208845
196310
194959
198912
199325
202980
204174
205668
200896
199525
193572
190022
182268
178974
174748
177126
175560
180960
184112
190575
194052
201588
206397
208257
208750
210397
210022
210035
208845
196310
194959
198912
199325
202980
204174
205668
200896
199525
193572
190022
182268
178974
174748
177126
175560
180960
184112
190575
194052
201588
206397
208257
208750
210397
210022
210035
208845
196310
194959
198912
199325
202980
204174
205668
200896
199525
193572
190022
182268
178974
174748
177126
175560
180960
184112
190575
194052
201588
206397
208257
208750
210397
210022
210035
208845
196310
194959
198912
199325
202980
204174
205668
200896
199525
193572
190022
182268
178974
174748
177126
175560
180960
184112
190575
194052
201588
206397
208257
208750
210397
210022
210035
208845
196310
194959
198912
199325
202980
204174
205668
200896
199525
193572
190022
182268
178974
174748
177126
175560
180960
184112
190575
194052
201588
206397
208257
208750
210397
210022
210035
208845
196310
194959
198912
199325
202980
204174
205668
200896
199525
193572
190022
182268
178974
174748
177126
175560
180960
184112
190575
194052
201588
206397
208257
208750
210397
210022
210035
208845
196310
194959
198912
199325
202980
204174
205668
200896
199525
193572
190022
182268
178974
174748
177126
175560
180960
184112
190575
194052
201588
206397
208257
208750
210397
210022
210035
208845
196310
194959
198912
199325
202980
204174
205668
200896
199525
193572
190022
182268
178974
174748
177126
175560
180960
184112
190575
194052
201588
206397
208257
208750
210397
210022
210035
208845
196310
194959
198912
199325
202980
204174
205668
200896
199525
193572
190022
182268
178974
174748
177126
175560
180960
184112
190575
194052
201588
206397
208257
208750
210397
210022
210035
208845
196310
194959
198912
199325
202980
204174
205668
200896
199525
193572
190022
182268
178974
174748
177126
175560
180960
184112
190575
194052
201588
206397
208257
208750
210397
210022
210035
208845
196310
194959
198912
199325
202980
204174
205668
200896
199525
193572
190022
182268
178974
174748
177126
175560
180960
184112
190575
194052
201588
206397
208257
208750
210397
210022
210035
208845
196310
194959
198912
199325
202980
204174
205668
200896
199525
193572
190022
182268
178974
174748
177126
175560
180960
184112
190575
194052
201588
206397
208257
208750
210397
210022
210035
208845
196310
194959
198912
199325
202980
204174
205668
200896
199525
193572
190022
182268
178974
174748
177126
175560
180960
184112
190575
194052
201588
206397
208257
208750
210397
210022
210035
208845
196310
194959
198912
199325
202980
204174
205668
200896
199525
193572
190022
182268
178974
174748
177126
175560
180960
184112
190575
194052
201588
206397
208257
208750
210397
210022
210035
208845
196310
194959
198912
199325
202980
204174
205668
200896
199525
193572
190022
182268
178974
174748
177126
175560
180960
184112
190575
194052
201588
206397
208257
208750
210397
210022
210035
208845
196310
194959
198912
199325
202980
204174
205668
200896
199525
193572
190022
182268
178974
174748
177126
175560
180960
184112
190575
194052
201588
206397
208257
208750
210397
210022
210035
208845
196310
194959
198912
199325
202980
204174
205668
200896
199525
193572
190022
182268
178974
174748
177126
175560
180960
184112
190575
194052
201588
206397
208257
208750
210397
210022
210035
208845
196310
194959
198912
199325
202980
204174
205668
200896
199525
193572
190022
182268
178974
174748
177126
175560
180960
184112
190575
194052
201588
206397
208257
208750
210397
210022
210035
208845
196310
194959
198912
199325
202980
204174
205668
200896
199525
193572
190022
182268
178974
174748
177126
175560
180960
184112
190575
194052
201588
206397
208257
208750
210397
210022
210035
208845
196310
194959
198912
199325
202980
204174
205668
200896
199525
193572
190022
182268
178974
174748
177126
175560
180960
184112
190575
194052
201588
206397
208257
208750
210397
210022
210035
208845
196310
194959
198912
199325
202980
204174
205668
200896
199525
193572
190022
182268
178974
174748
177126
175560
180960
184112
190575
194052
201588
206397
208257
208750
210397
210022
210035
208845
196310
194959
198912
199325
202980
204174
205668
200896
199525
193572
190022
182268
178974
174748
177126
175560
180960
184112
190575
194052
201588
206397
208257
208750
210397
210022
210035
208845
196310
194959
198912
199325
202980
204174
205668
200896
199525
193572
190022
182268
178974
174748
177126
175560
180960
184112
190575
194052
201588
206397
208257
208750
210397
210022
210035
208845
196310
194959
198912
199325
202980
204174
205668
200896
199525
193572
190022
182268
178974
174748
177126
175560
180960
184112
190575
194052
201588
206397
208257
208750
210397
210022
210035
208845
196310
194959
198912
199325
202980
204174
205668
200896
199525
193572
190022
182268
178974
174748
177126
175560
180960
184112
190575
194052
201588
206397
208257
208750
210397
210022
210035
208845
196310
194959
198912
199325
202980
204174
205668
200896
199525
193572
190022
182268
178974
174748
177126
175560
180960
184112
190575
194052
201588
206397
208257
208750
210397
210022
210035
208845
196310
194959
198912
199325
202980
204174
205668
200896
199525
193572
190022
182268
178974
174748
177126
175560
180960
184112
190575
194052
201588
206397
208257
208750
210397
210022
210035
208845
196310
194959
198912
199325
202980
204174
205668
200896
199525
193572
190022
182268
178974
174748
177126
175560
180960
184112
190575
194052
201588
206397
208257
208750
210397
210022
210035
208845
196310
194959
198912
199325
202980
204174
205668
200896
199525
193572
190022
182268
178974
174748
177126
175560
180960
184112
190575
194052
201588
206397
208257
208750
210397
210022
210035
208845
196310
194959
198912
199325
202980
204174
205668
200896
199525
193572
190022
182268
178974
174748
177126
175560
180960
184112
190575
194052
201588
206397
208257
208750
210397
210022
210035
208845
196310
194959
198912
199325
202980
204174
205668
200896
199525
193572
190022
182268
178974
174748
177126
175560
180960
184112
190575
194052
201588
206397
208257
208750
210397
210022
210035
208845
196310
194959
198912
199325
202980
204174
205668
200896
199525
193572
190022
182268
178974
174748
177126
175560
180960
184112
190575
194052
201588
206397
208257
208750
210397
210022
210035
208845
196310
194959
198912
199325
202980
204174
205668
200896
199525
193572
190022
182268
178974
174748
177126
175560
180960
184112
190575
194052
201588
206397
208257
208750
210397
210022
210035
208845
196310
194959
198912
199325
202980
204174
205668
200896
199525
193572
190022
182268
178974
174748
177126
175560
180960
184112
190575
194052
201588
206397
208257
208750
210397
210022
210035
208845
196310
194959
198912
199325
202980
204174
205668
200896
199525
193572
190022
182268
178974
174748
177126
175560
180960
184112
190575
194052
201588
206397
208257
208750
210397
210022
210035
208845
196310
194959
198912
199325
202980
204174
205668
200896
199525
193572
190022
182268
178974
174748
177126
175560
180960
184112
190575
194052
201588
206397
208257
208750
210397
210022
210035
208845
196310
194959
198912
199325
202980
204174
205668
200896
199525
193572
190022
182268
178974
174748
177126
175560
180960
184112
190575
194052
201588
206397
208257
208750
210397
210022
210035
208845
196310
194959
198912
199325
202980
204174
205668
200896
199525
193572
190022
182268
178974
174748
177126
175560
180960
184112
190575
194052
201588
206397
208257
208750
210397
210022
210035
208845
196310
194959
198912
199325
202980
204174
205668
200896
199525
193572
190022
182268
178974
174748
177126
175560
180960
184112
190575
194052
201588
206397
208257
208750
210397
210022
210035
208845
196310
194959
198912
199325
202980
204174
205668
200896
199525
193572
190022
182268
178974
174748
177126
175560
180960
184112
190575
194052
201588
206397
208257
208750
210397
210022
210035
208845
196310
194959
198912
199325
202980
204174
205668
200896
199525
193572
190022
182268
178974
174748
177126
175560
180960
184112
190575
194052
201588
206397
208257
208750
210397
210022
210035
208845
196310
194959
198912
199325
202980
204174
205668
200896
199525
193572
190022
182268
178974
174748
177126
175560
180960
184112
190575
194052
201588
206397
208257
208750
210397
210022
210035
208845
196310
194959
198912
199325
202980
204174
205668
200896
199525
193572
190022
182268
178974
174748
177126
175560
180960
184112
190575
194052
201588
206397
208257
208750
210397
210022
210035
208845
196310
194959
198912
199325
202980
204174
205668
200896
199525
193572
190022
182268
178974
174748
177126
175560
180960
184112
190575
194052
201588
206397
208257
208750
210397
210022
210035
208845
196310
194959
198912
199325
202980
204174
205668
200896
199525
193572
190022
182268
178974
174748
177126
175560
180960
184112
190575
194052
201588
206397
208257
208750
210397
210022
210035
208845
196310
194959
198912
199325
202980
204174
205668
200896
199525
193572
190022
182268
178974
